%% 150 @all PSI
P1 = 10;
P2 = 15;
P3 = 20;
t1 = 150;
t2 = 150;
t3 = 150;
Trials = {1 P1 t1 1.8 2 3 2 'C';
    2 P1 t1 1.8 2 3 2 'C';
    3 P1 t1 1.8 2 3 2 'C';
    4 P1 t1 1.8 2 3 2 'C';
    5 P1 t1 1.8 2 3 2 'E';
    6 P1 t1 1.8 2 3 2 'E';
    1 P2 t2 1.8 2 3 2 'C';
    2 P2 t2 1.8 2 3 2 'C';
    3 P2 t2 1.8 2 3 2 'C';
    4 P2 t2 1.8 2 3 2 'C';
    5 P2 t2 1.8 2 3 2 'E';
    6 P2 t2 1.8 2 3 2 'E';
    1 P3 t3 1.8 2 3 2 'C';
    2 P3 t3 1.8 2 3 2 'C';
    3 P3 t3 1.8 2 3 2 'C';
    4 P3 t3 1.8 2 3 2 'C';
    5 P3 t3 1.8 2 3 2 'E';
    6 P3 t3 1.8 2 3 2 'E';};



%% 200 @all PSI
P1 = 10;
P2 = 15;
P3 = 20;
t1 = 200;
t2 = 200;
t3 = 200;
Trials = {1 P1 t1 1.8 1 3 2 'C';
    2 P1 t1 1.8 1 3 2 'C';
    3 P1 t1 1.8 2 3 2 'C';
    4 P1 t1 1.8 2 3 2 'C';
    1 P2 t2 1.8 1 3 2 'C';
    2 P2 t2 1.8 2 3 2 'C';
    3 P2 t2 1.8 2 3 2 'C';
    4 P2 t2 1.8 2 3 2 'C';
    1 P3 t3 1.8 2 3 2 'C';
    2 P3 t3 1.8 2 3 2 'C';
    3 P3 t3 1.8 2 3 2 'C';
    4 P3 t3 1.8 2 3 2 'C';};


%% 200&150 @20 PSI
P1 = 20;
P2 = 20;
P3 = 20;
t1 = 200;
t2 = 150;
t3 = 200;
Trials = {1 P1 t1 1.8 2 3 2 'C';
    2 P1 t1 1.8 2 3 2 'C';
    3 P1 t1 1.8 2 3 2 'C';
    4 P1 t1 1.8 2 3 2 'C';
    1 P2 t2 1.8 2 3 2 'C';
    2 P2 t2 1.8 2 3 2 'C';
    3 P2 t2 1.8 2 3 2 'C';
    4 P2 t2 1.8 2 3 2 'C';
    5 P2 t2 1.8 2 3 2 'E';
    6 P2 t2 1.8 2 3 2 'E';};


%% 200&150 @15 PSI
P1 = 15;
P2 = 15;
P3 = 15;
t1 = 200;
t2 = 150;
t3 = 200;
Trials = {1 P1 t1 1.8 1 3 2 'C';
    2 P1 t1 1.8 2 3 2 'C';
    3 P1 t1 1.8 2 3 2 'C';
    4 P1 t1 1.8 2 3 2 'C';
    1 P2 t2 1.8 2 3 2 'C';
    2 P2 t2 1.8 2 3 2 'C';
    3 P2 t2 1.8 2 3 2 'C';
    4 P2 t2 1.8 2 3 2 'C';
    5 P2 t2 1.8 2 3 2 'E';
    6 P2 t2 1.8 2 3 2 'E';};


%% 200&150 @10 PSI
P1 = 10;
P2 = 10;
P3 = 10;
t1 = 200;
t2 = 150;
t3 = 200;
Trials = {1 P1 t1 1.8 1 3 2 'C';
    2 P1 t1 1.8 1 3 2 'C';
    3 P1 t1 1.8 2 3 2 'C';
    4 P1 t1 1.8 2 3 2 'C';
    1 P2 t2 1.8 2 3 2 'C';
    2 P2 t2 1.8 2 3 2 'C';
    3 P2 t2 1.8 2 3 2 'C';
    4 P2 t2 1.8 2 3 2 'C';
    5 P2 t2 1.8 2 3 2 'E';
    6 P2 t2 1.8 2 3 2 'E';};

%% piezo
Trials = {1 'P';
    2 'P';
    3 'P';
    4 'P';
    5 'P';};

    